4 0.525830 0.814516 0.254613 0.284946
4 0.477860 0.529570 0.232472 0.263441
4 0.199262 0.462366 0.191882 0.247312
4 0.208487 0.295699 0.166052 0.172043
4 0.426199 0.338710 0.136531 0.193548
4 0.835793 0.696237 0.188192 0.274194
4 0.116236 0.806452 0.225092 0.365591
4 0.197417 0.180108 0.114391 0.091398
4 0.206642 0.088710 0.140221 0.102151
4 0.405904 0.091398 0.125461 0.161290
4 0.428044 0.198925 0.169742 0.118280
4 0.686347 0.204301 0.154982 0.247312
4 0.726937 0.395161 0.154982 0.231183
4 0.747232 0.513441 0.151292 0.220430
4 0.880074 0.830645 0.188192 0.252688
