4 0.127119 0.788732 0.124294 0.225352
4 0.220339 0.904930 0.146893 0.190141
4 0.497175 0.897887 0.146893 0.204225
4 0.347458 0.760563 0.084746 0.154930
4 0.316384 0.838028 0.112994 0.197183
4 0.754237 0.883803 0.107345 0.190141
4 0.782486 0.735915 0.107345 0.176056
4 0.861582 0.492958 0.079096 0.154930
4 0.913842 0.436620 0.064972 0.140845
4 0.447740 0.355634 0.093220 0.147887
4 0.286723 0.510563 0.087571 0.105634
4 0.204802 0.661972 0.059322 0.140845
4 0.231638 0.598592 0.084746 0.126761
4 0.535311 0.813380 0.081921 0.161972
4 0.573446 0.721831 0.084746 0.176056
4 0.564972 0.429577 0.096045 0.169014
4 0.733051 0.619718 0.098870 0.154930
