4 0.092282 0.582840 0.177852 0.242604
4 0.295302 0.505917 0.187919 0.171598
4 0.461409 0.420118 0.130872 0.189349
4 0.243289 0.689349 0.298658 0.278107
4 0.528523 0.591716 0.211409 0.260355
4 0.713087 0.798817 0.318792 0.390533
4 0.374161 0.884615 0.533557 0.230769
4 0.793624 0.636095 0.258389 0.254438
4 0.879195 0.523669 0.167785 0.242604
15 0.377517 0.284024 0.204698 0.189349
4 0.600671 0.381657 0.080537 0.088757
4 0.719799 0.384615 0.124161 0.082840
4 0.901007 0.319527 0.117450 0.082840
4 0.941275 0.360947 0.110738 0.059172
